533
239
616
320
616
923
172
6
977
918
50
183
987
934
879
764
959
115
119
509
967
311
864
188
83
261
348
784
630
750
999
304
84
516
257
391
94
761
501
93
640
816
153
855
411
960
425
933
988
898
947
938
333
553
90
662
586
614
462
144
785
757
264
405
580
813
14
776
817
801
424
565
220
292
876
172
998
774
969
493
637
763
716
57
105
550
286
588
208
57
550
533
26
634
155
879
545
148
30
501
464
32
1
518
9
79
188
511
898
927
927
264
876
556
295
512
312
164
738
724
822
575
242
111
881
334
354
145
415
311
188
59
8
196
20
202
523
292
670
199
457
176
387
198
178
295
361
205
628
929
102
867
546
773
223
433
723
830
447
681
644
668
955
54
448
188
838
385
374
535
755
9
557
541
963
424
926
422
148
91
27
893
612
669
394
550
409
408
529
73
320
86
499
299
619
94
978
654
173
508
221
936
894
385
954
25
856
403
734
871
799
978
16
466
125
297
701
151
890
885
750
261
733
38
932
691
774
788
706
714
894
701
521
301
430
789
899
885
115
875
911
435
507
777
670
736
440
946
177
843
837
915
233
449
898
17
667
444
108
984
679
486
858
206
369
359
296
328
382
929
830
343
863
296
615
555
847
946
581
133
339
87
290
830
685
444
361
429
735
209
919
317
24
23
443
297
353
621
50
227
140
205
409
368
484
463
450
360
421
827
873
820
949
491
81
800
177
73
368
671
18
691
319
360
361
198
484
475
538
317
461
114
253
515
928
498
391
780
509
950
834
776
101
995
218
638
859
832
937
560
183
672
486
39
67
125
447
240
584
272
49
865
330
274
128
455
264
337
804
469
613
908
712
79
693
832
232
694
142
141
610
412
237
102
873
990
217
453
735
799
187
208
348
934
507
695
137
620
451
66
24
508
378
315
428
313
418
629
801
29
420
228
681
510
976
404
797
429
483
994
677
208
323
696
239
802
383
889
662
21
297
958
21
721
959
106
11
153
694
55
44
194
856
277
717
180
772
575
865
382
681
555
843
541
798
191
896
554
34
441
919
415
405
29
277
688
572
789
829
645
825
25
474
850
493
638
495
98
626
736
499
910
152
549
349
758
68
828
643
131
985
790
973
832
871
449
800
615
192
456
501
76
469
23
492
339
40
859
777
867
232
691
543
292
214
116
13
741
85
233
645
738
706
116
772
861
267
871
550
894
603
90
936
681
400
806
72
455
624
795
191
287
296
545
842
242
884
980
705
794
111
218
351
23
513
557
650
610
1000
723
312
652
397
168
979
701
433
425
238
907
739
890
943
567
996
51
613
706
73
915
587
149
417
264
333
721
253
94
512
191
741
188
326
267
892
430
936
363
170
868
534
66
630
381
46
839
124
706
896
965
917
744
889
249
674
293
882
992
669
603
107
262
850
176
64
457
170
363
485
333
563
133
618
171
480
897
454
904
559
565
181
812
973
467
300
955
437
771
712
463
730
987
409
716
520
106
995
4
245
876
273
820
168
378
406
994
834
280
676
628
291
393
407
981
274
558
424
930
269
975
149
300
835
252
561
749
273
132
445
356
589
567
958
264
432
589
351
627
744
963
421
878
564
397
365
414
618
764
264
514
39
396
200
320
641
648
93
245
81
514
396
649
25
258
442
704
671
380
502
434
852
765
271
199
463
739
195
521
359
562
325
418
991
421
201
614
972
590
939
339
487
858
475
22
739
382
369
770
998
128
367
797
400
98
942
623
516
744
472
897
720
180
607
21
184
841
283
12
530
825
352
447
156
12
788
470
403
836
757
671
676
944
175
306
847
179
929
717
864
166
661
416
451
533
583
294
433
563
723
288
696
861
626
572
685
264
641
980
108
943
161
865
788
379
299
750
49
76
32
555
28
878
262
417
52
186
735
748
96
699
740
351
942
751
384
782
317
684
420
241
182
921
864
931
613
933
58
934
599
835
395
306
735
31
530
326
476
796
927
160
444
159
469
508
914
294
436
544
398
207
569
788
72
192
712
177
919
875
430
152
843
508
549
107
420
767
751
458
369
655
173
457
877
106
447
664
373
233
555
523
532
455
977
89
378
331
620
998
236
959
197
154
489
61
559
193
760
773
217
23
456
720
110
754
763
753
968
163
575
595
163
862
596
100
142
951
590
167
554
107
609
794
705
564
336
545
816
908
502
704
640
203
369
461
594
52
33
183
423
312
506
990
39
393
251
327
476
101
900
976
161
519
53
516
213
439
158
462
322
786
579
316
756
971
449
8
581
659
326
414