7082
1971
9413
9605
4618
7467
7678
3977
6299
4309
1625
1580
6439
4890
7681
3582
916
8141
9760
4716
5758
9349
7865
4262
6813
6362
7244
8908
5258
6538
4201
5062
7775
4987
2300
3135
7388
1875
6014
5410
1904
3361
7527
2905
4719
5102
3102
5692
6996
603
8206
2096
6623
6551
8293
7917
2979
1025
5024
2612
9702
4625
2024
722
2338
7367
4875
9242
5146
2971
4116
3725
6355
5828
7317
7228
8799
7414
9769
5733
6200
6270
505
4727
2008
728
2740
8309
4193
6153
9000
7124
9993
4308
5315
2374
2279
6456
1245
4105
8666
7784
4934
9994
3890
1933
7077
1988
6691
3810
3051
123
5896
8342
1560
5204
3661
6864
9774
5641
9886
1481
1865
4720
5860
8848
4022
5975
3544
5755
4145
6152
4844
3330
9452
5596
6591
9485
6848
7490
7710
1907
3469
5737
8817
1053
7504
3897
7293
7881
7976
3629
3563
3911
4932
2122
5717
3395
7303
2342
1788
9496
5549
5896
3527
5635
8862
7157
1057
4880
8810
8538
2587
8041
9270
4105
4367
2719
7622
5251
7991
3186
7007
8779
9278
6791
1898
5620
8509
6004
5488
2138
3573
920
9440
5388
8749
5174
2011
4628
9730
2419
6083
1712
1192
2659
7292
5847
1789
7051
7101
7263
1282
5463
164
4971
2083
9669
1491
887
2361
3618
288
5460
7023
1709
3460
2215
1463
8774
1191
6184
9881
32
4436
7589
6601
314
3002
7638
4234
4480
875
3925
4688
3266
9637
7611
2996
4922
6497
6373
3017
1359
4881
6814
4261
9211
9100
6367
513
9090
727
7246
2740
2814
9203
7925
6945
1915
923
628
5912
678
5235
8016
4535
38
4945
1361
8504
9656
4393
8074
930
8554
8429
5173
3351
847
2379
6591
9555
7168
5342
7443
145
313
5146
8414
6634
8881
605
9915
7524
2988
7664
4806
8690
8773
4294
1190
6710
2878
2278
3049
1372
1886
6409
1399
7143
6281
2257
1683
7427
5648
4756
3114
4210
2099
2449
8943
8386
8842
5225
7520
6221
2002
6749
641
3404
6382
3728
1000
1296
7870
9591
1098
4418
8590
5226
3437
3370
6441
1706
5243
5826
1790
2593
3659
9226
2314
6739
4205
7122
1039
7641
1600
4502
2401
7372
263
5607
7248
4019
7125
8189
4877
4537
1913
5630
3212
8611
2972
4254
5062
2608
887
7076
9594
4626
4050
8640
1765
6997
9943
4839
1260
1955
3241
5575
519
4450
8394
2816
8797
855
422
2143
5914
3364
6089
3344
1166
2245
987
9767
8659
19
2137
4705
7204
9448
6419
8429
1355
3176
595
7765
7150
8229
9840
8942
2438
8835
8947
8340
9799
8574
1918
8974
7673
3231
5968
3542
4371
2918
6107
4641
7993
6844
138
9614
2887
3073
552
6009
2338
1530
1874
709
703
5844
2727
8920
3266
5064
5694
1073
2074
5221
2523
2778
2217
1889
9159
2748
1027
9239
1000
9921
1070
2605
294
7728
37
8039
8773
4532
1078
7993
7092
9199
2137
1393
3442
2482
1531
2623
8609
5503
385
467
7789
5422
7305
4029
9454
1523
6309
7455
5738
8738
8413
2651
2315
223
9651
8628
3727
1663
5980
1719
7249
1402
931
6264
8197
188
7864
9889
8669
6842
1863
1388
463
4528
7149
9067
1564
3842
2524
6037
1320
5134
3682
5940
1533
2698
5846
3229
3998
9479
9708
2016
3601
7497
1585
8145
9931
1261
9992
6039
7680
8902
4339
6250
7273
7539
8206
638
2953
4455
8245
1235
1886
1186
2145
2263
9903
3025
7395
3506
1441
4781
2219
2594
6323
7763
2074
8578
96
3334
5583
2201
8179
2143
6897
7884
8386
8273
2012
9765
6400
7603
8049
7183
8921
8765
5428
1644
3105
6888
4127
7939
5500
1917
1174
2127
5807
8736
6864
964
9350
4255
3271
785
6787
7337
8379
509
9682
7893
4137
9165
6726
7682
1177
5221
1198
7575
4264
5730
1566
928
7108
8128
7878
6350
1721
9176
1747
1927
7968
7373
1597
7697
6277
5946
5460
8175
3021
3136
4036
5546
4792
9832
6732
8135
2950
7261
6876
5790
1778
4835
6866
1943
9072
5999
9979
6925
5191
525
1814
5661
7652
6130
2271
5478
742
7142
363
2470
4782
3219
946
3200
8984
9659
3599
5853
8402
1704
7652
2576
5071
4841
6268
9367
8974
2305
1531
8335
5989
2582
8822
2765
8750
5927
8305
1723
5428
3654
8272
9560
3114
1536
9032
3206
6283
9625
6037
5917
8288
1268
4953
4157
2152
6122
1347
4512
8821
2695
378
3686
2334
9092
7162
6183
8377
3913
3018
5216
9581
4197
323
218
5007
7408
5867
8171
8903
221
8610
5243
9653
6913
6138
2393
5511
8311
9063
5335
2216
6867
9258
4165
4114
8595
9212
4084
9446
7935
1042
4599
6140
4641
9725
5217
4989
2425
677
264
1137
8343
3505
6869
3523
3372
1426
6061
7707
4172
3182
3861
9651
4970
932
5035
1460
3663
4997
4074
6817
7278
9506
6322
1148
7358
5032
1009
8424
5442
9670
9085
5842
6549
278
1385
7174
9523
8300
3424
1866
3697
671
9313
390
1387
2132
1790
4707
7366
562
8519
6772
4062
5242
9941
4317
7321
8766
7809
31
8727
7105
279
6637
7430
9895
3954
6044
6855
6143
3166
1302
316
1678
7544
3891
9980
734
5989
1592
7000
956
9959
576
3970
6889
5337
8184
1677
8184
6701
7507
5368
4735
1865
4659
8258
2797
1097
1911
9946
7049
1131
8899
2795
3183
187
5277
2612
7583
4812
9432
6040
5460
358
5016
7858
4119
5370
9191
51
7117
199
6032
5375
171
9082
6311
1326
46
5555
6054
9217
3314
9319
885
647
7638
5719
3374
5334
271
7256
4880
2638
5933
6600
6625
9949
1043
1090
5157
6287
9486
2700
493
1903
3206
7139
6156
3237
6613
873
9968
3036
1534
7421
2847
4726
85
9716
76
7067
7264
1478
2699
9411
1379
791
7636
5844
9728
4580
1884
1199
2301
537
1941
1715
7919
152
6174
7259
1306
583
4982
6474
5058
3628
7281
3557
6626
7018
6714
7548
5330
1358
3865
6519
3967
7366
7901
1694
7764
8949
2651
6804
1459
2944
4989
7451
7193
1829
5440
8756
2532
1761
4975
8162
6475
1388
5519
5400
763
7062
625
8544
1536
2281
8419
2989
2065
8829
6158
2881
8002
9336
6682
5306
8407
8133
7154
961
3156
9345
6586
7021
4819
3782
2493
697
7572
2111
3993
9407
2746
8302
4535
6700
5611
2939
5687
5929
7701
7808
5542
2146
9107
3370
658
4347
3621
4671
5869
2471
1248
438
7574
2637
9923
882
7255
392
2625
2345
7967
7690
7040
5247
8647
9790
3940
6097
8397
9580
9658
9933
3319
1300
2775
1018
2142
3363
7703
6339
7136
1631
5857
401
8037
429
2463
414
5057
7013
4380
2926
2495
3926
7783
2248
8382
1856
1014
4059
8223
7595
142
2220
4588
576
2287
2468
6532
1937
8558
9468
5321
6390
379
5824
3657
1699
3176
5518
9868
2443
697
9555
385
367
5424
7007
5006
5638
5119
5300
7866
9745
1377
4239
207
6279
899
7999
6711
7517
5731
8065
4302
7409
5787
2727
5861
5135
9599
6743
6697
5481
4513
2808
9215
4975
2368
9807
9649
4731
9301
2675
4765
2130
5166
9956
1848
485
266
4022
7084
8629
9683
3776
3598
1350
7765
1005
5261
8910
9680
7275
9491
4975
7730
1084
3016
9457
5183
1186
8717
2652
248
7260
8901
6035
6474
4686
2150
5913
8789
8371
525
9644
5987
2367
2805
9215
1538
7753
6572
9725
6449
3478
4817
4523
191
5473
1702
3451
645
7202
1407
8340
46
3610
3082
1961
297
1346
9842
876
1771
7558
5219
4458
8472
3469
4925
1643
8295
1947
7925
5795
4112
7351
8396
9024
5216
9568
3602
7660
7361
1417
8339
2967
6268
5386
2974
3996
1124
1885
5812
3367
3382
8811
4691
9274
4737
3907
3510
3752
3662
2262
2714
6095
4842
9191
7920
6696
2305
5028
7859
5776
5988
2276
201
2984
8191
5141
685
8423
6850
9503
5699
3169
7892
6204
6116
6185
1931
9078
2134
8079
4155
6644
2670
6462
8583
2492
7348
1057
7365
5479
5974
8815
4901
3455
2281
2946
5206
8094
7205
112
569
1378
84
5006
5142
66
4444
7269
3510
1801
5059
824
7828
4103
8938
4253
9035
6166
698
9425
4576
6044
6674
4181
6528
9866
3110
8551
4185
5161
5637
4804
465
7248
7276
5967
194
3033
5537
2247
7172
4845
4022
689
995
2661
4189
6734
2211
8205
1147
9474
2382
7924
3629
3512
498
5200
7775
8721
3433
4390
4536
7600
9169
9126
9102
2838
1402
140
4308
2510
842
6701
4850
3861
5258
5102
4160
2196
863
3915
1228
5884
1627
6138
5232
5620
4963
5434
4716
336
5
4857
2435
4482
2849
7294
6174
8960
5083
7206
9591
1162
165
5127
5846
7366
5136
4123
5332
94
7787
2219
1167
7722
5947
2565
6121
9338
2810
5370
4154
54
5210
8461
2601
8937
2416
230
9430
7729
4706
1629
8645
9361
1598
3990
6170
4294
1121
8129
1905
9517
6812
9710
9009
3704
6050
7474
5423
3366
8881
4833
6948
4102
2628
6439
2781
6405
9266
5075
2676
231
4087
6026
4618
8342
3292
2887
1857
1461
7126
5451
528
8897
9491
2370
5355
8039
3497
2656
7665
9579
6504
7452
9667
8031
885
420
9247
3364
7305
8159
6567
8189
4126
3761
9266
4022
4052
3439
3391
6109
4853
7533
9776
9392
5045
1487
5320
2822
9934
8297
8407
2418
6018
7069
8384
2157
8983
2478
6738
5326
7744
1931
5414
4364
1408
8869
4259
9495
829
3496
8053
2267
9111
5447
5399
7487
8041
344
4193
5028
9865
9479
6723
8654
2706
5094
4535
1493
1323
8714
9795
6870
1510
2075
7757
4621
6657
1740
3377
1410
5455
8451
1306
3919
3315
2233
1157
6800
6419
7426
6918
6206
4296
4932
1849
1161
8007
1730
256
9500
77
1086
9652
2373
1434
5134
1748
5199
405
5061
2573
1559
7203
6897
8746
6720
6633
5795
1551
7364
3464
3356
1272
7836
3097
6211
5669
9453
4878
6915
5218
8861
1243
1288
4483
1856
8609
1234
1112
7377
9275
8216
3379
1623
5136
7301
704
2730
534
1626
1364
5133
1928
5990
5427
8816
7412
9820
2624
4434
4406
798
5371
2181
2077
6600
6803
364
8182
729
1624
3093
7827
3387
3776
1167
4717
5244
2550
7677
5279
963
2399
8956
5939
74
4827
2236
2162
6834
7921
3746
4970
1546
6691
1131
4062
5241
8636
7656
1821
174
1104
3220
4167
2801
5160
6332
9461
5656
3025
9368
3364
1477
2155
8531
1631
855
6415
5702
657
1477
1946
9438
7995
1687
5375
1420
5688
7432
850
6938
7040
7670
2537
7697
7932
4007
3294
7326
6635
6477
6723
3742
9625
7557
169
8053
2039
2234
7671
9777
473
8366
1313
2518
9856
1107
1114
7406
1498
2822
9842
2923
6926
4181
2166
4469
9343
6320
3205
3888
8376
5764
7358
1629
1635
2035
5387
8817
990
6627
5717
7047
6356
636
7182
135
5443
9458
7735
9898
5948
2826
9512
7087
8206
3929
7242
764
2081
9800
6419
8572
7287
1858
1025
5282
9485
920
6967
6428
334
2778
4375
3958
6123
4073
8137
7893
2283
6881
8900
4363
8692
4400
4524
6874
1295
1583
8483
8688
4091
8673
7632
4187
239
2238
7615
2094
809
6956
454
8513
7086
9586
6982
5333
4342
2470
3578
4900
9009
4414
8867
8830
2065
7677
9445
2631
186
1573
9160
6300
7022
7061
9494
5976
6727
4142
5557
8859
2639
1673
4956
3007
5295
5745
7618
9710
7156
7285
8167
4474
3673
3716
7393
1138
7419
2699
4179
6716
7617
4573
4527
4715
1702
9747
4625
5770
9871
7631
8232
2582
3125
9100
5715
8153
5824
3695
2565
9164
6231
1656
7888
6963
5899
858
1291
4862
1293
1034
9021
3390
8497
9325
1751
5935
4383
679
2764
9874
3040
7893
9699
8554
3391
4748
6902
4975
1978
891
1484
2982
178
5405
2316
3667
7195
4028
4912
9232
9763
843
6554
7504
1952
8514
2918
6284
9468
6878
9267
7543
8973
4945
1447
105
6536
6981
7340
4168
5420
2415
8858
9937
545
6249
4105
2579
2854
4504
4463
1085
5404
5337
3527
2903
3349
4910
6764
1112
2593
6610
366
1937
8813
3769
8426
2061
3094
9403
8561
9409
5003
5366
1690
3905
5159
3033
6976
1645
4392
3576
8978
4997
1158
8232
2727
4054
4081
9454
8147
7885
828
5910
7558
2978
4018
5630
6832
6956
3655
5536
7932
3097
9106
1979
2674
5790
3934
3116
7694
9674
8219
9319
7687
927
4165
848
3965
8343
1161
3304
1696
8624
5663
2278
6915
1421
832
8010
5744
425
9280
3777
9408
5600
4368
1121
2738
6349
7117
7164
8277
1606
3106
5856
1388
7474
991
4811
6502
2988
6076
1802
2942
2471
5090
402
2910
3827
3186
1093
7638
2705
653
1731
4012
8885
5701
1680
7419
1088
4596
3384
2660
5359
5046
2657
2776
6976
2404
6002
8224
1612
7647
5442
8276
5963
6316
5474
6360
4637
6147
3778
389
1907
9315
3655
6487
6833
7612
9895
2273
2128
2523
4290
7047
3405
9196
9123
2209
9263
8787
1381
9630
8735
7734
2966
5125
6483
128
5716
5856
8209
7462
249
4583
9831
1860
9263
1255
688
3819
4381
7389
5751
63
8749
7376
4105
9182
5438
5327
8944
1362
4236
4510
2754
9437
2031
3737
9565
9370
5400
3280
9595
4296
8356
6499
7118
4196
7710
5860
3107
7602
868
3565
7889
7856
2083
3701
2155
9278
9927
3964
7818
7502
2861
5838
2827
2113
6093
8458
590
8112
4627
8570
5944
9200
3731
7597
7583
9885
6515
2642
1121
1247
5523
7120
7435
7501
7574
5998
9818
7842
5291
6040
6056
9653
8230
1559
3794
8778
2499
876
8121
1762
5737
6912
5905
4724
4681
970
3882
7140
1252
9749
9623
3070
2497
2013
7187
8123
4253
7033
4781
8480
5170
2664
8221
933
4469
5985
4655
3158
1467
9738
3268
8500
883
5988
677
7216
4577
2340
1116
4646
3342
2216
7440
6711
744
1270
807
7633
8960
5578
1430
8041
5681
8035
724
1579
2047
1427
7081
4321
2694
9548
3350
1125
2771
8067
897
259
7689
9568
8040
1436
4423
7982
2666
47
86
3726
2124
6427
2444
4809
6732
5504
1861
7231
7440
3892
2454
5733
3068
8080
9249
2431
7151
1508
1086
2666
4185
7469
7664
7993
3439
1517
539
2489
6199
9965
8059
6121
6110
4941
4617
9833
9757
7324
8805
875
347
3273
8280
8415
2335
1084
3919
6419
6187
7788
9795
4342
3567
2973
3185
745
5703
5836
1163
6501
1284
8778
1977
9031
2163
8259
7233
6524
5425
153
5882
809
3227
985
6642
3593
2605
5126
988
5261
4697
9552
8652
866
9531
8875
5943
9000
6482
455
3914
7682
1303
9046
8369
8137
4874
3759
6390
3041
3793
1630
4885
5471
5873
7116
9162
3502
3343
3544
7596
8011
9387
324
7745
5162
737
3370
4431
171
6083
5533
3047
4163
9297
1045
7382
3253
9198
4709
7489
6537
3915
7312
3304
9273
9875
9331
934
2771
8145
9817
6246
1825
7649
3846
4652
1851
9047
7563
1936
1354
1473
7836
3437
3618
8397
4486
8184
6460
5475
3620
6780
5762
543
1871
9298
2055
4076
1753
1778
9790
9114
2979
6837
6564
169
1687
75
5790
6784
7159
399
8358
3429
2848
5007
5928
3227
6991
7852
14
9727
9655
8364
9694
5732
7391
88
5161
4607
1860
358
5551
8107
6012
7348
7315
8558
7085
3597
6367
1705
5939
6939
2714
2552
5168
4467
3519
6394
1781
1654
7485
9682
1411
9042
4051
4449
8598
6135
2841
7907
1822
1
3674
5417
7565
7048
6194
6871
7401
3123
5188
1319
6831
8601
8779
7477
9875
432
5823
8490
3524
7875
8669
6174
988
9118
989
6269
22
5945
9798
6028
4304
933
4821
4118
360
8869
5906
1227
3879
9990
1112
4098
2634
9713
6415
6044
1895
9818
9756
4408
2423
9695
4755
3730
9958
1824
1142
5879
326
8367
3426
5659
5598
5639
186
9807
6422
6628
9489
526
558
4633
9232
270
2112
2186
1852
2145
4437
3980
4975
5034
6545
8210
9943
7650
3490
9006
4750
3308
5828
9577
6502
8804
9913
5319
4155
8957
1932
7104
2715
8570
3654
8883
6886
2865
6526
8284
6442
2640
1432
5001
2026
3250
5201
381
2046
1466
61
9999
9724
5379
6592
7078
3318
9
8036
8850
5522
773
9967
974
6928
7824
8082
3754
5435
71
8073
6633
2182
9543
6552
2972
2513
3283
5550
263
7310
2344
7935
9989
8116
5616
8720
8849
3570
4659
670
6703
3035
9439
7593
391
2883
4677
1953
9846
8230
7391
2403
9803
7460
7863
9781
7088
7283
5258
8161
4159
2449
9788
990
8848
7218
8659
5020
8292
5236
4733
4384
1703
7942
9493
311
9541
2521
3106
5384
7378
998
1964
82
2268
2138
28
327
6257
8743
8075
5910
7410
5400
5217
6392
6768
6321
5897
7616
1521
1902
3328
72
6826
8387
9887
710
6473
6072
7741
1597
7559
5582
8219
6809
504
334
8782
8557
321
4016
6396
9618
8242
980
3959
5694
990
3304
1298
2453
3623
4860
3933
9690
6023
2945
924
2487
3663
7675
320
1586
6170
3445
6895
2695
5600
1152
2876
1732
9801
1943
7747
7795
4116
3042
2024
901
4597
2242
2434
5970
2548
1843
6961
9102
5512
5824
1654
6366
9364
7506
5005
5026
8378
7567
2027
6146
6870
4318
349
7393
7249
4647
9897
9066
8311
1440
9007
5700
9394
7373
9258
44
6252
7439
3969
2811
2030
7270
5258
300
1144
5963
4938
3469
4505
346
9251
2933
4787
6444
8494
5555
4228
3903
473
2344
9829
7271
1942
6993
3579
3735
6280
520
7277
7711
1771
228
4844
44
8140
7944
9758
1628
2419
5185
765
8792
6413
3932
4331
441
5625
5727
534
3051
2774
6213
9380
8550
2155
2532
9330
687
7811
6976
1669
6835
7078
6408
4221
3192
2770
8037
5347
7816
1923
3800
1615
4079
7750
9285
2366
3781
8903
8546
3954
2047
6376
7775
7575
6392
8382
7525
5877
4786
4032
4084
1554
7229
4456
4440
5863
9969
7121
8299
8413
5212
1330
5251
7868
5164
1356
6225
9574
3357
5395
9398
8035
4101
8871
2505
6111
7003
7080
1879
8702
2069
4498
9391
5182
593
8659
3268
2009
7666
8915
5958
7645
2444
8671
8790
3477
1446
9593
3576
2216
2430
8532
5495
6081
5607
1866
9111
7171
9954
64
7777
5415
3679
9856
8157
6709
2501
5595
9803
2267
6063
5579
5721
4008
2988
9068
7581
4015
9526
5095
6468
9774
2222
2356
7772
8770
7735
90
618
310
1323
4059
6347
7078
1590
6086
3638
758
1087
2942
3384
5940
3252
7204
2301
1337
3018
4327
7451
8026
5364
8185
5610
8767
1408
4566
5243
5016
2006
3701
351
3982
512
7509
638
2422
4736
9045
9651
6468
2802
8879
3282
5766
6471
1100
4189
9933
4507
3638
2662
4218
8425
2821
9584
8126
2335
54
248
825
1779
3113
5503
742
3966
1877
4790
6153
2571
7405
9167
4809
3079
644
9906
4122
7490
4650
8527
2091
2641
7419
7547
7748
6752
687
713
932
4350
9258
8841
4975
8425
7682
3273
6860
1014
5414
8034
3832
5357
1166
5407
1713
6980
5043
331
9558
9291
4424
4133
2301
602
3264
1444
475
4285
8475
9756
144
9676
4731
7060
1831
8228
9681
3991
6684
4288
8332
1549
6471
1962
3780
9045
1548
2758
2105
1260
5261
7198
7006
2513
4852
4382
9722
9067
2684
6646
3113
9845
5910
2456
3193
4820
3648
7752
553
8951
6289
2664
8820
7594
8677
8527
4751
5220
6694
2813
4173
5495
5783
189
7654
2063
4697
5963
8333
3394
6522
7607
301
9260
2284
9694
6041
3198
7220
2095
8654
4718
5914
1546
7623
2994
9901
357
3060
6764
9288
2931
7061
2157
7166
5687
3852
6575
4343
3520
9569
6424
2930
6095
3340
6835
2080
7767
7853
6719
9597
5536
614
2309
6599
3724
5838
2599
500
2729
879
5813
399
6381
6072
209
8287
3871
1062
4955
6724
5360
8878
5232
5893
2743
3130
788
8134
1790
755
4201
9687
6564
8118
9253
5977
6641
5154
1520
8007
9767
8558
4620
834
4209
8757
5486
1344
5209
4479
3636
9139
9508
9864
73
1677
6432
4532
771
6116
4340
5909
173
1163
5215
1161
490
3721
7443
3720
3378
7577
8755
9079
4395
7508
8016
2208
2135
2324
9236
7831
7450
2726
666
6493
7689
1152
5285
3641
639
5447
31
8458
6494
5817
6911
2697
9428
8092
4445
9525
5102
3058
3939
1594
604
3008
3105
2312
7730
9627
622
397
5108
9884
5308
4509
520
6372
5696
4297
2946
454
8015
1238
232
2845
8525
4112
7889
3422
8026
1716
5010
7676
6480
4727
3808
9308
9424
4024
3185
5768
6271
7547
1998
8317
7437
6937
4104
7403
1036
2123
5719
780
357
8518
9962
4050
6053
1553
4555
6918
8615
9576
2971
623
5741
4761
4698
1608
4530
6791
1640
2760
7042
177
4769
941
7087
5662
2661
3507
2695
162
606
2796
3760
5939
3282
7118
520
3266
6399
3529
2833
322
8830
7594
3809
7401
6245
8079
3677
4753
7572
6141
2203
2458
7238
108
1064
1555
494
665
7373
6989
8997
8532
5418
6484
9153
9090
1229
4256
2650
2655
4184
4219
8262
3064
550
2165
3551
1387
487
5717
5341
3347
8823
7575
4845
1571
1377
4849
9631
4781
3525
1180
5588
9126
4863
709
8300
4786
4538
763
1029
5194
884
9111
5988
264
8159
4645
1372
6893
4239
7314
1083
3500
2883
9611
4848
10
175
427
7472
6812
9243
6428
1466
9413
6485
5849
7755
6426
1133
6078
2922
9121
4125
7216
5443
7270
7685
4642
2337
1258
9958
7250
6119
9180
1386
8286
8169
1262
8117
1535
6684
9380
580
7778
2707
4029
6935
340
7281
9311
1977
2182
4680
7907
7295
4404
7459
107
6714
78
9852
4130
1456
6281
2694
4796
1565
2107
6085
4849
952
587
6497
2441
9457
6116
2501
7038
5725
4675
404
6350
2240
5293
3606
4024
4401
9946
6100
1540
795
8811
1048
601
3512
7232
413
9329
6583
4069
1792
3627
6465
1514
2573
4813
2852
7238
5349
4805
9787
9329
4604
132
821
2521
1340
2184
2834
8737
6216
7743
600
8989
5314
6119
1729
2686
8664
7631
3464
5209
8177
605
7071
4056
3601
928
6237
8730
3633
6650
2524
642
2080
2057
9703
8128
2144
4838
2133
7880
7784
3704
2044
7700
5522
2627
531
1431
475
8356
9945
1551
4555
7183
4973
8758
3360
4381
7946
6836
3605
9908
2720
2474
9069
4589
5732
1106
4236
1882
6974
9935
7897
4558
11
6989
1352
854
5426
3408
6279
144
4014
6863
2755
8131
8615
825
1780
8587
8595
6374
353
4845
2193
4899
2307
6379
4729
4877
9122
8954
656
1239
179
2348
1039
8384
7228
5388
9652
2277
3332
8118
2075
799
9313
1084
8211
3744
4519
6017
7189
6589
820
2355
6802
4070
7351
5806
6831
7645
4904
9901
375
1648
9989
4196
2076
2220
429
6311
6783
8226
2495
6712
7415
1453
9439
7759
8582
8558
1218
9861
7911
670
4282
695
4461
9971
8265
9076
4867
2662
4430
2730
4197
4740
9563
8149
7275
2858
4187
5429
8080
7249
7858
5790
6815
4337
2985
92
5542
7991
309
4107
7082
9237
595
2111
3102
873
9854
3937
2619
8837
4415
6969
4000
8865
6416
3729
5203
250
2405
4690
5915
6717
3856
111
3039
388
5479
9121
8780
7973
3211
6985
1668
1415
1728
1701
3431
880
2695
6061
2436
4153
2213
3228
333
1521
9936
5913
4889
6135
3804
1772
1232
9675
8542
9347
1596
5032
8058
7434
9953
8076
5094
8611
5391
1561
7265
3377
9570
9463
4958
8888
7009
1688
8441
4467
8180
8236
140
6971
9726
4949
8043
8333
4731
1582
7960
11
9159
3587
435
3734
5676
9371
8571
2807
2759
3545
6674
2626
9941
3359
3353
1241
4206
6691
1511
8187
4194
4676
6384
3013
3712
4792
4662
5851
3534
7145
8626
4200
9988
367
2514
5266
9202
1976
3103
7525
7379
2014
7592
3591
6857
6585
3113
3905
9451
5759
768
1194
662
3356
2418
4125
7545
5540
8208
6944
2985
2174
9603
842
9678
485
8838
9551
3775
1154
2003
4691
3273
2026
5025
8632
1248
5385
548
6356
9441
1894
5827
9766
4211
4685
2314
7233
8091
3927
2924
4597
2987
1550
691
7127
4575
2234
5428
7345
440
3514
815
147
8294
4697
7383
5043
1339
7792
4158
8441
3064
9375
2251
3787
2127
2326
3800
8868
2858
8027
7400
1002
7034
2309
806
5380
5168
7784
4183
5266
7322
8098
3525
3124
8311
5171
6109
9499
2709
3691
3225
4715
2169
9556
2301
2127
4661
6508
7356
7086
7442
3974
1023
7907
9653
8055
1300
1814
4107
1831
3908
2197
6662
9046
206
2081
4559
7316
1337
5590
5587
3280
6474
5727
9956
5651
681
3080
5054
4067
6008
62
6135
855
813
3278
520
4454
5503
5151
3230
4397
9329
7841
2832
1963
4569
8391
3903
3227
211
2766
2770
2016
438
566
7995
2866
5962
858
3833
9936
9061
4575
2375
4713
7567
5202
3989
9603
472
1362
7240
4091
6776
6424
228
5980
763
2732
9137
8876
5997
259
997
9932
6737
9908
1689
9490
6617
7248
6600
7881
4798
839
7065
2745
6997
1937
4516
1568
2455
4681
132
7415
8178
1487
502
176
7021
5838
3707
4378
4022
1325
3495
4904
6857
8225
1437
9754
2126
4766
1692
7718
8518
5167
9328
9484
6229
2029
5328
7128
3729
482
9029
656
4774
3061
7962
8883
4520
8148
6634
5460
648
3794
3716
8180
1776
3885
851
441
322
1258
9656
1723
8751
6446
1364
5981
7556
5844
7525
5775
6543
5198
2217
4360
167
6432
1264
7847
155
472
7540
7707
2868
9542
275
9587
624
442
722
4319
3328
3383
3723
3929
7416
1718
4155
5085
9633
701
9203
5
3271
3682
966
9114
4022
2309
5074
4337
3118
6658
2543
7474
147
8822
2096
770
6136
7442
5877
6922
8253
5352
6990
9008
6860
8635
8994
8391
4086
2782
8543
3451
518
9193
8735
6225
8514
2339
1928
9298
7728
1539
2675
8446
1212
9521
5476
6401
4029
7446
1816
3617
6653
6416
4455
102
9261
6234
6326
4396
7933
1036
9539
1893
3237
3969
4707
5584
7272
8087
3255
4977
4122
1246
1435
3271
73
7827
3313
7811
8795
983
8715
2109
5819
476
8465
1464
2652
7779
4893
8014
3848
4618
4616
3340
977
3322
2738
2085
1973
8180
7659
3768
9382
8755
8120
6714
9722
6977
2170
2031
1122
4765
5321
2995
3443
8332
4187
7195
4816
4532
3891
5997
1708
8066
2846
1298
9678
160
8362
8660
7956
1880
6905
3899
3893
6229
9271
5223
5199
2126
714
4935
7834
5961
2499
9410
846
4449
1672
7366
1068
6352
7503
4044
133
3594
2674
2596
1283
15
4626
3465
5974
8590
8817
280
8444
2646
2672
3702
9581
4869
7831
1170
7148
2988
1215
8477
5092
9064
728
6893
9027
5288
4782
1300
3819
6297
20
1098
8547
8634
4106
9174
7605
2875
5632
2942
4687
8563
4467
5751
1257
6137
8093
919
2045
6570
6907
8274
902
8845
66
1942
8497
977
9696
7415
8886
3465
9865
1966
8669
865
5121
9495
2081
2740
4369
5183
3443
5719
1733
1696
7486
2237
4514
6392
9797
9269
6164
7549
6692
539
2889
7289
8303
7727
5617
570
8063
8275
2629
3061
2580
306
7925
7312
1
3730
8560
360
741
8456
7293
4527
495
7216
9369
6850
5887
4765
9698
7172
5420
8079
673
590
7485
8804
5760
5302
8051
8090
1818
3630
8688
1784
6948
9808
1806
7426
504
9654
6600
6391
2840
4412
5049
4564
7550
5732
6849
9455
9905
6264
4017
145
2749
1958
4885
2712
8024
2475
9405
2348
4102
1872
4525
986
6310
9689
632
3213
2639
1078
1266
9179
7612
9670
5666
5111
7971
9294
9337
2432
4652
360
7176
5464
2723
4804
1223
9790
6327
3039
225
2920
8658
4635
7881
1256
9041
5990
5559
5853
3696
9372
5839
725
1362
3463
9077
686
8634
4964
4573
299
4457
7565
2835
2431
3741
7448
3624
247
481
6268
3806
3385
2328
7290
8845
4076
8176
2656
8322
5965
7893
6284
5629
8365
203
541
7249
4447
7580
5150
1235
9686
789
8663
8371
266
5339
6813
6790
4835
7423
3307
648
1040
1288
7947
2910
3673
5449
2953
5805
1359
3064
8945
9962
2698
6015
7622
5549
756
7103
9371
9467
6851
7080
2640
7623
8822
5184
3712
6955
1801
1939
9298
7595
6992
7828
1918
1832
1340
138
2032
6101
3043
2663
9486
3257
35
5023
4689
2836
8162
267
3686
4988
5303
9964
4426
8249
9215
484
7030
7142
5765
5767
5339
6141
1920
9442
8389
5786
3690
5667
2345
2115
6181
6154
4128
56
6262
5686
5911
6267
9811
2069
1231
1989
91
7408
7924
9963
6404
9578
1511
2637
5841
6468
8499
3880
7503
4693
3768
6445
4452
3405
1672
993
5584
340
50
7681
2014
3047
5701
8723
4439
6259
3185
4189
4943
3737
7744
6621
300
9831
6869
4609
907
9899
2227
6982
1057
754
8544
4474
6241
7629
8107
221
5687
1411
4366
811
8929
2
2574
7384
1089
9359
79
5590
8577
8384
466
9240
3837
7657
792
9706
3371
5956
1689
77
6279
8896
2282
3232
6198
5396
6660
7060
949
6692
8124
2549
4332
7713
8362
9312
9292
3138
3087
8741
2144
9204
422
4005
9496
7427
13
1643
1297
1588
606
1377
13
3139
6691
385
9533
9900
2921
6432
4263
5917
6671
2399
277
4872
376
3899
2729
1186
571
6038
2708
6090
8078
9539
3923
9279
3842
3117
1393
4248
1246
6890
1260
3518
6647
4750
5061
2884
7523
5932
2367
7161
3311
757
834
7512
7446
7243
6015
453
7471
5563
2837
7170
8208
7681
4134
2739
7646
711
9227
980
557
8803
2140
7023
2508
3246
6628
2482
5191
9652
3677
4824
8774
1890
4010
4684
531
7718
2504
4410
1166
4162
7131
7572
6851
930
9570
3644
1437
6871
3377
545
1208
2748
354
7269
7290
9474
7952
6329
1673
6032
8451
211
3612
531
3877
4292
9593
8302
1787
6874
6652
4221
2270
9809
2416
4562
1098
8517
7052
7795
2278
5134
168
6056
3012
1567
7391
1579
9935
9190
1237
2105
787
1285
2026
7347
7264
8743
1095
84
7877
3923
143
7228
5713
1547
1903
3241
7161
4619
9675
5900
9075
3674
7937
7827
1491
6093
1263
598
8171
9373
3610
2203
66
5925
3579
8800
8484
2374
7286
2193
7736
2114
3240
9560
4809
118
7135
7858
6427
9257
7230
7867
4574
6608
297
9773
4254
3557
860
9772
9874
8144
2208
6902
7011
960
9932
9107
1710
6569
1446
1397
5025
7406
7395
2131
6318
7730
4329
7501
6057
5638
8021
5059
484
9708
9447
1027
2788
2014
6971
9950
3365
8409
2566
1125
3153
3665
7549
8212
539
4671
1676
1590
2211
6382
5716
5789
6940
3667
219
5658
1889
6182
7481
2364
6793
1336
4320
2549
1766
5177
9326
3385
6159
1099
852
4814
4611
4407
5515
3739
7799
496
3319
2185
3108
2595
984
1963
231
8218
3431
7292
39
6695
8074
9753
6983
9763
6111
4131
1120
9105
9297
5739
3537
9090
2612
381
6679
4335
3844
1444
5425
3610
3140
2179
1960
6589
5471
1122
2139
9889
9771
6893
9456
8064
7330
4516
1986
5351
3788
55
6720
9852
7649
301
4145
158
8069
6557
1372
4907
3131
1766
4806
5500
9539
774
4973
6071
9392
658
4924
5282
3327
2525
3668
437
8337
6885
5573
9877
8984
6212
9445
2518
1759
5296
1180
2886
8805
6447
740
6906
6227
3950
5437
3552
2023
8532
4755
3267
1749
291
160
6178
6713
8203
3231
2838
2378
5850
3800
2851
3475
3167
2477
5873
1441
5707
4121
9825
3011
625
2313
820
7962
277
7274
9550
7388
7306
2491
5926
4777
1998
6150
4595
349
9715
7290
1563
7864
9451
1818
9956
8088
2291
3172
3207
918
1597
2581
5636
364
1590
9997
5874
697
2732
9577
6030
6100
797
1105
9222
6570
2226
9017
1657
8880
5924
2305
6690
739
6717
3944
4224
3664
7784
5770
3661
1102
6465
762
726
6623
5724
9166
7341
1398
2676
3959
3453
4240
4745
7261
4293
4190
3461
8222
3872
1390
9930
4330
4085
2029
4401
3668
7092
6308
1493
7182
95
3950
8308
8535
2311
7829
858
1351
8058
5896
7756
7403
2988
5809
7628
3177
3235
877
4021
3222
874
1086
7811
8656
8796
9129
6785
579
9320
284
418
4322
3747
501
5363
915
3547
1581
7488
8297
4675
6430
315
8141
427
9165
1644
4445
3666
2946
9924
1707
6772
568
2752
2020
5943
3063
1347
4443
4353
3035
3396
2986
5815
2159
4654
6412
4033
1094
1704
7552
1127
3867
2294
5241
399
6903
6610
5507
4618
5616
4895
7535
8997
8489
4442
8993
4762
4802
4385
4521
4137
5129
578
2502
5722
8132
3054
6661
5033
7243
3102
7216
373
6664
3971
6323
5822
8439
6307
4675
5706
14
4845
2280
4658
502
6047
4623
7999
4074
2224
1182
8945
1719
4888
8130
1778
3486
2584
8509
9871
6979
4460
5351
4822
1266
2071
4742
1913
4147
8329
9554
3627
4944
263
2324
1886
3696
1902
1928
3763
768
7992
4903
2214
9617
8558
3939
3259
8500
7925
7819
8937
8097
9906
7769
6616
4839
9301
3928
3935
2192
651
3262
4994
7959
9898
8016
2006
1591
1694
3783
1839
1889
7861
9281
9460
2187
8859
5849
2368
5012
9580
162
8435
3879
3046
214
8607
3416
2575
1308
7236
1780
3990
4267
5528
213
3813
2209
4999
2350
8296
9563
4168
2661
1783
7853
5570
9797
1453
2159
4995
4812
9131
3691
6380
4280
4992
9795
8710
7380
3339
701
1135
3728
2830
4830
4533
1022
3422
4473
798
3510
1952
5805
3483
7543
6538
7895
3008
6054
2019
5982
7493
2875
3742
4102
5358
9104
9974
8759
5783
4129
3820
7883
6395
4150
179
6066
4808
6834
8582
3463
9463
3696
8092
3440
886
8620
9371
7226
8331
5876
5830
2941
6288
953
2602
3179
4165
3665
2172
5822
78
7404
5468
9163
2009
8551
687
3771
6974
8409
6203
5431
1367
4449
6665
5382
8697
229
2100
3750
1525
6923
4439
1186
9214
4658
6466
9978
4752
1842
1674
492
1355
8775
6384
1328
4567
4105
2530
3627
6554
3071
7286
3725
1622
7131
7919
2965
9944
585
7683
5708
7438
7127
3690
2810
8105
3865
5770
2204
7770
3025
3221
5925
5537
9505
3807
4301
7617
7163
3919
3747
1899
1324
4306
9365
9015
1980
8381
6191
9150
8926
6629
1171
8322
7064
2014
7182
8386
8793
5080
6568
9463
641
4981
1479
2697
9126
3445
1984
2391
4058
2282
2402
2047
1666
2165
2075
4934
3146
2067
4058
9006
1706
236
7520
3396
9698
3544
5489
2929
3609
395
6119
2103
3657
8748
4506
9154
7214
2607
7978
7122
3785
6116
1733
9627
2543
1027
9009
9447
1811
8492
7914
884
8291
7856
8650
4055
3771
6625
3476
9748
8779
1407
789
7024
8171
9083
1744
7654
6920
734
1437
4018
7133
7884
3988
7130
8914
1080
9471
2627
5786
699
6052
1578
9462
2913
5216
1244
860
5451
6997
4147
7986
2128
8006
3960
3825
9381
8218
1337
1508
1335
6792
2259
506
5546
6633
4117
8644
6897
1616
2117
5533
6137
2257
7588
2553
2663
4328
8204
5358
3153
2970
8003
8
3892
8822
4837
5665
5658
3255
709
6507
7930
9554
4073
1489
3432
8959
8403
3525
1405
321
1099
2078
1522
1311
9218
2140
9301
1645
9566
5492
7972
8463
4444
6416
1023
5943
9411
7667
7748
2475
1376
3386
3731
7051
1574
1994
5317
3251
4292
2985
4233
5647
6136
8351
9443
7957
6006
8011
4592
1640
5570
7143
1940
7721
4863
3671
4565
8497
8288
3136
8370
2462
9911
9171
6770
5094
23
3142
8683
9435
1374
3299
632
6851
7585
8803
9300
8135
2390
3525
5366
6932
5737
6287
660
415
3600
8952
4826
589
2003
3336
8816
6935
1650
8775
7001
8956
2878
5404
3977
186
6584
2040
5002
2170
379
5990
5740
1268
7707
8780
6982
5035
8510
7006
6420
7249
2067
4141
4288
6517
1196
1451
5741
924
1805
2992
7827
8335
3915
8193
4528
2659
3934
4302
4348
1504
9536
9634
9807
1804
8227
3479
7293
760
1115
4469
5170
2077
2142
8345
1066
4341
1826
5767
4357
757
1448
1527
7096
3047
923
4573
8904
2540
3372
8451
3582
2070
3154
5495
6302
2459
2222
9810
7980
8086
9490
247
5298
929
4035
8514
9050
5146
7434
5883
7446
2488
4226
4093
8002
8275
1269
9343
8087
2380
26
1882
9939
1205
6653
1335
3970
2946
2547
627
4528
7257
2521
2288
5663
8062
9977
2242
8258
5614
5851
2010
5749
1993
5672
2501
5752
9653
6086
9836
9255
8757
8197
7769
7502
905
4277
2994
8697
5128
692
5843
8243
1943
1440
210
8063
3708
8529
6482
9843
2014
9101
1894
2413
1038
9686
4651
6249
1702
3812
1976
5422
3736
3357
2731
400
539
6059
6470
1341
2867
9818
8430
8802
4061
4340
4353
1782
8709
4933
1232
9340
5212
5995
2002
929
1104
7863
9688
6549
9757
6022
4172
4250
9240
6265
6271
8712
6460
4066
8357
1370
5673
8825
6642
4182
1024
5754
7546
121
3758
4758
9182
7814
1293
5513
3642
7031
557
5941
6806
1761
501
9291
6017
6552
2555
6663
5809
3510
6040
1448
2907
6485
7091
6726
4007
3233
1039
6090
9897
1832
8509
9115
9963
6486
9387
4442
432
2614
57
9828
6465
8883
4074
329
6008
4120
7052
4742
2365
6254
3679
7844
1356
7386
2876
4807
4184
6757
6400
538
386
2822
6899
1363
7869
9170
8698
9050
462
4421
3238
2065
1346
5568
5385
2228
7302
2518
8674
8648
5448
6831
3997
2745
6906
5981
7799
8310
5127
2935
9449
5172
9973
7547
9670
7774
9044
9115
2889
6916
6026
3016
9759
4667
4779
9320
9947
9967
6656
6445
3188
9498
6914
6304
5171
8708
5336
5688
8293
1677
2514
8296
874
647
8543
8648
888
7026
820
7818
453
9164
3854
6413
8318
6105
5372
7626
2307
6913
7487
2687
5552
7062
9603
8140
3006
914
3687
5222
2820
6639
6813
7171
2436
7683
8440
723
7288
2406
2093
7656
1700
4837
3464
7007
996
5495
3207
4997
7427
3238
9048
5818
7161
3145
7970
7094
5867
2489
3402
3531
5065
3643
6716
128
531
1167
165
6883
3011
7861
925
7129
3999
3419
4134
3702
2574
2834
8976
1916
4523
4998
5973
9023
1618
2837
9769
4477
7578
6641
2180
7470
328
8731
8408
9382
5919
4312
2886
6288
2626
6921
5183
3202
9058
1560
4786
7785
7874
7205
5400
8777
5991
333
4263
861
3222
4574
3937
3473
6404
6096
980
796
8846
7288
8742
8829
8478
3069
5484
9372
4647
4432
5224
7517
6668
7904
1971
1819
4213
4632
9218
3974
5604
140
9010
4119
3482
4745
1840
2685
6636
1777
5150
5064
7696
6033
2590
4346
2569
4983
9084
5590
7164
6373
5230
8784
2820
3311
4709
8550
4251
6
2619
713
4576
697
5360
9426
9948
2331
334
7736
6099
7439
9861
4255
1125
2819
9455
1709
4634
9542
9537
1681
3197
9375
9571
3842
8723
842
2555
4845
9853
1224
2142
5220
6485
362
3451
4430
8152
9492
4092
9152
5205
3926
3898
3701
7800
1042
2239
6952
6813
2572
9168
4183
7069
7780
7786
8696
1436
5339
4629
3952
6399
4846
5567
6629
3870
3019
2255
5530
7293
3846
5011
5538
5156
8499
5572
3088
1059
1606
9100
4186
3218
3843
7344
8495
2930
6711
2951
543
4408
8564
8265
5532
2973
3906
6998
3506
4489
9484
7514
9842
3435
2377
6478
7330
2521
6370
4855
1622
9942
9787
7655
915
7156
8556
2685
847
696
2305
3204
4841
5393
3186
5890
6752
9490
478
1647
4221
2575
7899
3360
6213
3418
3971
6047
8476
6360
8360
396
6893
8959
7552
1602
7753
8609
7214
2730
496
9634
8617
5112
2092
3943
8104
5163
3370
174
6380
3551
6483
1623
1680
7793
1073
7849
7196
3388
8753
2902
4308
8095
4526
4535
2039
527
2289
7506
7689
188
5477
6824
3952
1106
3227
7344
1091
2486
117
4434
3167
1417
4547
4174
7219
6571
5856
6213
719
3085
8372
2123
1033
6269
9967
8627
5408
7947
5970
4753
6866
2382
2012
7727
8037
7927
2969
2048
6098
4433
585
8124
7102
8515
2972
7772
9686
5716
4864
3267
2385
5903
994
156
6284
9452
216
3322
4082
7947
939
1650
4851
1642
1328
934
9150
4964
4698
4208
8444
9286
5178
8575
9395
4391
3396
9915
2001
552
2463
7565
3410
8495
3901
4999
1972
1515
3866
6369
8968
8795
8383
595
4656
1583
7095
2509
6889
2719
9950
7690
3713
4863
7357
5550
1569
4772
7819
9961
909
4435
7346
3619
7186
1406
3246
4405
2320
2076
6090
8493
9122
7349
316
6276
6938
3794
9279
1362
5460
8093
1968
2622
1969
9497
941
8788
5116
9695
9789
8515
8369
7222
3983
5898
4886
1009
5889
1162
577
8717
2966
9911
6356
6289
4624
291
4207
8317
7468
82
6200
4764
177
4780
5891
590
1257
4614
7703
9097
8119
7993
8305
6436
646
753
1010
784
5347
6617
3677
2743
220
7673
8716
9542
2438
6412
794
6389
3226
8484
4755
1491
4711
2352
7949
8840
6960
1747
8195
6465
6915
143
2050
5844
5540
7489
9184
2668
6961
4489
7287
9249
7481
6530
6698
3398
4397
1522
2230
103
4543
8394
2840
8517
1537
4208
2490
4506
946
526
8060
5339
9077
9627
3945
1729
410
4028
5441
1603
7798
2147
695
5713
8
2519
2268
8212
4017
7574
8701
182
4970
8276
3706
4537
919
7599
5429
8955
8075
8919
3364
7981
5628
8387
8781
3137
6239
6926
3245
5883
5073
8469
3726
4340
6329
4552
9660
8708
7677
4170
3594
2086
9613
4947
2295
1172
6753
2379
7851
36
1707
7264
8589
3024
3689
4742
2290
5183
7630
9239
9994
8780
7284
4568
4005
5466
7460
2693
3679
2104
2567
6939
7394
4901
2953
1705
1308
8068
6939
159
7862
3294
3422
8607
6516
431
7718
6350
3672
4998
242
5884
7615
7207
7163
2424
8165
2467
6192
6871
7487
5059
2983
484
9761
9880
563
3861
2457
2174
6038
9725
1921
2782
8275
7705
4652
4133
1180
6890
8723
5400
3863
5469
9297
4490
2425
165
1389
9908
5081
9062
5764
6940
1491
6856
7911
7467
9065
2091
4411
4004
8717
3306
3284
2077
3975
946
2253
7893
142
1963
1559
384
7391
290
5809
7663
8417
4186
1347
162
5044
9033
1946
5403
3607
8334
4597
5456
8699
609
4363
1147
1577
4837
2891
2075
904
4026
7358
4770
600
9774
760
8354
1792
5384
2106
6008
8890
6777
8007
9577
1743
4206
3720
5494
7955
4642
1391
83
1524
6785
1284
6720
4048
7269
7990
8853
7000
4033
1629
986
8726
5125
3799
4960
7979
9339
2739
7415
8782
2646
2628
7730
1655
6487
2253
2474
8128
7892
8934
3600
8380
4429
9533
6439
180
8173
7395
6648
1684
9374
4783
3240
6574
2704
5435
989
1707
8432
2464
1695
6515
1162
7108
6717
2943
4188
691
1864
884
5897
5865
1774
7686
5378
8627
1160
2024
9271
8591
1668
6233
1432
1955
3014
5827
6643
7198
9610
304
4319
3091
3956
3901
4777
9983
3496
6503
3887
5955
6383
799
9389
8931
74
8935
2491
7858
5318
293
6853
5580
7993
7340
7207
3662
1311
7780
8654
9715
8373
4338
924
1557
6246
7723
1948
9133
2253
7712
8594
2383
4594
2243
2622
372
6738
1735
792
8244
6044
2046
4889
8585
450
6179
2333
8332
9102
3176
4847
2106
8948
8192
3778
285
3281
7643
5943
4766
5227
2979
4246
7979
2963
5052
5218
1613
9091
1232
8931
674
1789
6393
6884
7160
1495
2642
4778
7513
678
6752
8325
947
764
9889
7346
9409
197
5398
3757
5426
8914
2928
2663
7797
4911
7161
2960
7194
1482
7413
6173
4342
767
1316
4873
9113
2812
347
9835
7230
209
9587
4055
1225
7769
9305
1561
7425
9284
8923
9062
13
9867
355
8473
8212
5446
3440
3626
3140
3751
4206
2057
6849
4964
5595
4562
2600
1083
587
4031
559
3260
7884
5383
5285
2214
6382
1040
5945
421
9732
2486
3942
8619
933
1390
5334
7563
9934
3038
2055
557
9007
174
7733
429
8236
2513
8774
8661
7861
8674
7265
9850
5681
2204
9347
2282
5857
5081
2816
8700
87
3590
9425
9678
8966
7405
9357
9951
6692
6206
3862
3168
5631
4533
7072
6770
9229
3838
957
6536
1280
2259
6185
7351
6848
5194
6260
6941
9313
9608
2776
1948
692
2563
2503
7285
5294
7458
7492
689
1079
673
1043
354
5652
4204
6154
8299
2350
3120
9687
2384
9830
4575
8166
826
8392
5135
5384
5511
5962
7602
8362
8699
8436
2449
1146
573
7505
1178
1974
5249
8506
5192
5489
6176
7869
7818
5518
1443
6682
8573
1257
6680
4451
7703
7733
9876
2248
9156
6368
3652
5312
9256
4787
8049
662
6526
8033
5049
2362
1582
8393
973
8477
4184
1588
3148
3400
8171
1840
1338
210
7125
394
3894
8746
5627
2303
7853
4476
4973
859
5883
5146
6785
7487
7282
60
592
1422
6021
8794
2608
2679
2986
5866
115
1960
8519
5368
7567
434
4787
1829
5782
6235
6356
1115
8982
4872
2374
2858
2902
3416
8045
5359
7600
1121
5170
1278
3670
6773
69
40
4870
3231
1142
8735
1839
2370
935
9119
2760
4603
6210
9323
3016
3854
1526
6637
3762
5415
894
4695
9645
9247
5590
721
2302
9993
632
1701
1327
7105
1914
6949
1039
9616
4471
1990
6175
3964
4833
515
8416
5562
639
2366
9813
7293
8240
6215
7415
272
5129
1574
1347
6394
4417
7347
8657
3060
3348
5413
6660
2175
7316
3080
4993
6049
4191
5514
2483
2848
549
8601
5330
6707
3320
3100
6235
9596
7354
1479
7702
2001
3243
5425
7310
3583
962
5251
1712
6075
7724
6491
501
3711
7700
9923
3402
6047
5141
7399
8442
8465
6264
6616
7109
8381
9100
2179
6532
9966
3807
7547
3355
5278
7454
8997
9811
9572
6321
5927
5610
7802
1435
8189
9213
2134
8616
3348
5170
2525
2342
1626
2093
8232
980
1661
3104
2650
2116
9605
1325
4527
532
3292
4471
5655
2293
5909
1501
7665
466
8542
7952
1224
8075
6376
4903
981
1589
8896
1429
3102
2051
8813
5821
9483
7968
7364
9251
7202
1459
5497
5673
4674
3358
8237
3540
212
2686
2594
4694
1923
5377
7145
3214
1612
4134
4753
700
1818
7975
7270
7730
325
7588
142
277
9563
5765
425
485
5262
8036
3151
792
2993
9683
3698
3137
1606
8632
6346
4832
2376
570
4450
2211
7365
6088
3364
3572
9366
9615
8290
4269
6542
5668
6882
4438
6903
3973
9927
2749
7926
2251
8362
6864
499
2763
564
5662
3791
6831
8882
7236
8520
889
1514
217
96
4984
4044
2184
5667
1091
8928
8303
1792
5877
992
6891
2813
8057
4969
5198
7140
1493
9282
4930
8000
4103
6540
3721
9798
2603
1878
9116
9751
9692
8667
9742
1851
20
398
2580
3209
8529
2720
43
7753
9912
1284
9969
2777
5763
7745
1436
3175
7396
6309
5670
9501
2933
9517
9328
4149
827
9763
8810
7808
7324
460
681
1344
1031
2756
6985
1565
1506
3699
3875
9736
755
3919
635
2270
4429
5801
9953
2073
8392
2849
795
5895
9015
5133
5662
6968
8840
6976
1102
7571
3155
2905
1678
5267
9060
9223
4381
6098
8686
9624
1188
5392
7057
3938
3918
5540
7687
1845
8025
8448
958
5831
7582
9486
8941
8869
4314
7864
1514
890
8917
6483
3654
3844
2812
8851
2675
9667
1167
76
5621
8581
920
3362
4988
8345
4018
7348
2000
2423
9130
7403
4341
3743
5180
1007
7905
8210
888
3521
5477
2100
9781
6345
1632
9419
5274
7131
3062
8926
2676
2759
2716
3679
7670
3759
4903
4271
6144
7567
3367
2505
7038
9691
71
1273
138
1396
8435
1473
8222
1915
1392
1022
4833
2271
2574
9124
8894
394
7050
7664
5053
4418
2693
5149
117
9966
4606
2884
4946
243
166
5759
8309
3272
2062
9259
2215
5168
4209
552
2604
876
1986
5973
1259
5616
1947
1486
5944
1643
5448
8900
9034
9642
9512
278
9712
2005
217
2518
503
2586
2689
2209
4484
3268
8031
6689
1510
9579
1509
1935
6756
4547
8654
5666
9831
1055
7568
1367
2675
826
5924
7268
9182
770
3276
495
2629
5051
8402
8847
9509
1846
6206
3012
8669
5746
1290
6843
5773
7513
9546
8955
9110
1269
193
9634
7745
5291
6697
5333
274
3845
9253
8992
2093
6915
3117
3482
2907
1662
3661
900
3688
2286
4513
812
8608
5207
6640
289
2550
4400
9901
9294
8771
6088
4850
888
6576
4419
9847
4830
7045
6834
8817
3025
6236
988
4752
2538
175
8388
3561
18
8105
9151
1283
4983
2339
5323
9484
4657
9861
3071
4458
5526
1875
9666
1521
7353
3967
9756
6512
3157
4285
9831
5315
1315
3842
956
1458
5828
9218
6388
2502
7491
1769
9467
5004
3465
6044
8500
8019
4876
8644
2019
2992
2254
7589
763
6041
2201
8860
424
839
9574
9237
3419
7420
5931
3974
7651
1135
4887
8262
2786
2694
1428
7921
5366
7744
1532
7130
4097
3502
1272
6585
316
4477
5425
6931
3934
8654
507
6627
3618
9109
3081
8742
4992
3458
249
9246
4575
3932
9977
3188
9203
2886
5246
191
1118
6604
1207
5194
2301
2133
9632
4150
3796
5546
9703
1509
1940
9578
4591
1344
7500
9686
5591
7044
8990
5946
1813
5026
5564
1553
3799
8774
8160
8732
6209
5936
6715
7365
8700
2506
1171
4466
8066
1354
8035
2926
9614
5893
8453
4853
5209
4092
9648
2443
8708
8587
349
5442
6159
9397
9220
4920
496
3734
2347
9497
568
1099
1389
8662
8376
2229
4893
2337
9637
5800
9742
5252
840
5967
1831
5828
2038
1108
1314
1191
9765
7922
4464
2382
2535
2964
4010
3366
4458
5269
5323
4174
5366
347
5796
1614
1165
8618
6981
4199
3613
600
2974
5848
5147
4777
2390
7680
3235
7116
204
6319
499
9290
9404
1296
8154
5223
1731
8630
5937
4409
668
348
5547
1905
101
5077
374
9352
8017
3122
8780
1687
4295
3140
9814
5935
1927
6721
5024
4799
4194
416
9469
9276
2935
5945
5709
9638
364
4390
6498
794
1831
611
6756
3149
9241
9926
42
8589
2806
8927
3791
584
1854
2962
5502
8940
2430
6812
4865
3942
53
7376
4470
5956
2507
6948
2428
1186
5558
1692
5423
6050
201
4628
4050
61
3641
6485
2533
5152
7690
8324
7044
9613
1556
5503
2575
9468
3206
80
320
3045
3157
8550
481
1487
252
2165
9180
1457
2694
948
4391
6642
6583
8792
7307
5967
3237
8092
9387
6178
717
8894
6788
5733
6207
2452
1029
7991
8466
7363
884
2673
1284
159
9900
2475
3779
6440
4168
4267
6375
825
8999
1579
1446
5249
9771
623
717
8983
2896
1523
1034
1886
784
2447
4199
9767
4638
6461
3079
6413
4806
5438
4269
6752
5047
3609
7411
8824
4427
3674
9283
2827
8338
2887
6634
1770
8896
1743
1719
7523
3590
3791
8693
731
9635
7896
3830
2470
2319
5233
3872
7697
8110
5542
5897
2378
8735
4667
104
6933
6635
7937
9488
828
9343
2166
4501
4895
7463
7594
603
8560
8396
3772
3221
2173
5322
8973
7078
3231
2486
1204
1880
279
1597
9451
9595
7210
4218
6598
5870
2137
2157
7237
3512
5299
1660
2616
6231
1777
6715
3700
6765
9466
3722
6795
3316
142
641
1606
7243
5451
8238
9606
4409
4197
8240
9685
9948
2570
6835
1201
8173
7100
5613
1121
6337
8697
6114
1442
9283
6753
8181
3067
4299
1222
4923
8007
2276
3430
2031
63
2939
9106
1067
9430
3433
4952
6914
5998
149
5531
1200
2150
1005
447
1354
5396
9107
3508
1614
2791
878
8658
3313
139
3204
6870
7516
9885
3804
8662
585
2475
3756
7758
3481
9416
5575
3692
638
8524
3357
7812
9453
8616
3339
2638
5070
1644
8171
1314
8786
8742
2192
8914
5336
3917
3088
4151
6437
5267
5563
1336
8909
5751
3447
8462
353
404
3334
7681
8634
4186
2166
1265
8114
3295
4821
1840
548
3139
3552
5153
4752
6988
923
1287
965
7462
6040
2918
623
4652
8205
8592
4685
8853
9841
2300
445
999
8829
6405
5484
7517
8982
2195
5764
5911
8149
256
1400
6407
7987
5142
6529
6054
9599
7967
7834
2630
2866
2538
3649
6407
2777
4564
7021
6240
6176
105
3852
5739
3763
8707
2638
8802
5069
6479
4172
1457
7139
6195
5013
4906
7345
1281
7589
468
8265
8003
999
623
995
5645
5247
8587
9988
5302
3917
8555
6130
6077
9867
8146
5563
5758
243
2513
1447
5922
879
2234
8342
1297
1312
8980
6120
4372
6155
8979
6394
2133
7436
32
632
9205
6348
1207
4245
5784
8080
6259
3537
8621
9609
8597
7868
1969
3968
1211
9545
4181
2185
3730
3725
3743
3747
3416
5846
8112
8409
2598
5697
4155
8552
8684
9035
8893
9169
5773
9391
1527
251
5591
9830
8750
5097
5521
6840
293
977
4755
6478
2359
3510
174
1167
4464
5824
5017
6454
4339
3420
1805
4248
8157
8097
8396
9123
5143
9420
6980
5498
7360
2587
2386
5393
221
7868
5624
2641
6767
2938
93
2163
9768
2280
3185
7279
2976
3155
7454
1285
1031
9126
5446
3011
811
421
8687
7732
1743
6224
6262
962
5172
2387
9090
9062
2085
4934
2049
1559
4282
1338
2291
723
1840
1218
2602
2505
5944
6251
938
3094
914
1952
6032
8617
7700
5840
4340
2813
7520
1237
9720
9561
4072
8650
7283
5304
4684
4090
911
1347
9394
1854
8641
2429
2296
8587
9045
3357
9020
2419
8997
4316
7099
5578
9290
6812
5796
6800
7017
5939
5220
4980
2618
2731
5456
1492
894
9355
2782
9650
8759
9506
33
7886
460
9304
6059
7627
1381
9564
3239
7190
165
3316
9897
1044
18
4677
9249
7290
3397
4770
4167
7337
7602
7530
6401
5921
1464
8010
5106
2144
827
857
4758
9770
6417
5625
9873
7678
8357
5399
9891
6357
561
4476
4962
3904
6844
4983
4458
4195
160
7553
722
2920
6627
9050
2048
6155
2100
9640
3697
2478
688
9229
2494
3592
9524
6246
8709
9021
7297
1252
3262
557
2021
1965
6218
8484
1388
6371
5865
6674
8115
9802
7905
7237
1112
8322
2057
2970
4754
9342
417
1283
4125
8200
3764
3699
4973
1243
7479
3643
9021
9389
1156
6235
754
5627
9807
2372
7295
2330
7686
9496
1584
3411
9562
8457
2254
810
2631
3590
3782
2078
9353
1974
5379
661
8157
5489
6381
6749
4885
3439
297
809
2474
1270
691
4910
4090
8016
5039
265
1396
2274
8386
8035
8969
9298
4821
7456
7843
9371
5828
4657
8622
6020
4017
3525
6918
869
7006
1671
7844
3689
2224
891
3175
1614
584
3233
3707
2758
5417
4189
8854
5299
1143
8131
6241
3465
9209
947
3272
8466
5017
6976
8071
5865
5713
8960
3660
9679
5523
9239
6578
6788
7267
1865
7785
8025
9725
5111
8891
7127
7330
8711
2515
4324
1009
9917
7482
1043
3718
1778
9340
565
9094
3786
7650
895
9700
443
9802
2231
3382
3948
8518
5485
6786
2057
3764
8370
2480
81
3093
7980
8040
8191
149
6064
4169
3510
8936
6041
8929
2460
876
4521
1727
8924
7996
1587
9196
1388
1385
719
9281
793
2219
2646
8862
196
1125
3628
9002
5398
871
2001
1386
9881
6156
5628
7552
4371
6623
7503
8206
3467
4348
4672
9057
8330
517
5313
795
404
344
525
6182
9460
9309
7813
7886
3712
422
9705
5724
2375
9748
6273
8316
412
3344
1369
6150
2791
4214
6807
3944
6428
4915
8159
2154
9695
7994
9113
100
6113
8328
6521
4478
6294
6702
7475
5986
8227
2423
7965
2373
1286
236
32
6190
8176
7429
117
6358
9634
5216
2153
2370
7385
6567
3854
8259
3011
3505
7969
7293
8006
4394
9705
240
5651
7436
1655
3504
1620
430
4951
8607
1947
4139
823
4612
8695
2366
2951
227
990
1811
8842
5300
2656
4888
5581
8927
4202
1328
435
422
4336
875
5048
9956
2171
2746
1892
7068
1488
7002
3621
2764
1118
2748
5879
8860
9644
3601
2475
8238
458
8829
6084
4779
7817
6034
9063
3816
882
5909
2402
6556
1818
4918
1060
8278
918
1186
1833
8891
4890
9633
2289
703
5489
2954
6931
9524
7562
9837
2702
2246
4801
3126
5519
4415
3248
912
782
9720
9136
3640
8289
4043
9501
1769
4270
3275
6713
4170
1597
4774
4165
6448
6340
6382
7360
706
7555
1264
9446
1410
3790
9236
5996
2814
9651
8672
2168
2673
9226
5417
8459
285
5640
8711
3859
3853
4278
8889
4787
191
2586
6517
4239
7426
5668
9287
587
7829
9906
9222
168
6425
4335
6065
7352
727
5391
246
298
6308
933
7318
5122
2419
4197
8702
9483
4327
3337
7597
4240
2736
851
5692
1916
951
321
4399
206
4041
1184
8014
377
564
3963
7261
2862
4999
3527
4782
2986
6355
6269
1801
7737
5065
8279
1900
5907
3470
7433
7071
1839
2464
3144
5053
6737
5425
2579
1826
9819
8024
8616
9347
9641
4640
3700
1346
3576
9081
2152
8211
3467
6973
4810
1381
4276
7366
6588
722
6205
1911
2991
2709
1938
326
5935
478
5161
9249
7820
9323
6983
7914
8099
8867
9374
1034
9344
7022
1358
1053
504
7446
7230
2583
9221
1079
9823
6855
97
6454
3761
7502
7162
9482
9010
4582
8964
2089
8613
358
6530
7156
8426
6385
507
6466
441
1658
6469
6880
691
4952
2858
5295
9485
4742
7935
7339
5892
8300
9322
7976
2880
7210
3271
1089
520
3274
4485
7889
7797
6273
6123
6807
49
3502
1249
8461
3897
3088
741
228
8695
5145
7146
8213
5176
6025
689
1787
991
9310
9132
2206
1614
8675
1434
8519
9684
5659
478
9692
3346
9918
815
7396
5827
10
2702
6118
7676
65
1114
8101
6834
9472
302
9143
9610
3181
7365
1779
3784
7867
9250
979
8914
4027
9974
1830
3661
6633
7185
4314
8831
2075
3664
7594
1690
5121
9554
5959
9048
1277
1329
437
8705
2521
2613
5757
3418
3558
1664
1322
8589
6042
1687
4313
1007
351
4759
5564
6222
3698
6172
9032
3266
5222
3016
4917
2758
1150
1878
6884
4575
4858
5897
7013
2603
7553
4620
977
261
6800
4017
8417
9609
4404
9727
7486
5670
6190
5095
6014
5792
8704
2208
8908
9435
9597
3565
462
1698
1328
6244
3447
3818
4792
2993
5261
2859
6660
7512
3754
3512
3853
750
3782
7989
4774
1319
8560
9388
8829
7352
8139
8824
8549
8819
1943
3521
5909
5869
7844
2902
5125
3473
5560
4843
5751
889
7369
927
3966
6491
3302
543
4546
5023
1297
3516
916
2580
3366
4006
2782
325
9784
3761
1054
2664
7577
7355
236
6749
5992
7311
8126
3535
2571
3711
1165
1662
3746
9455
9157
8070
9018
1616
2406
5099
8459
2684
3000
2928
6836
5389
3734
4326
4885
545
6724
3501
5617
8527
6887
195
5186
5091
8424
1129
2400
3442
6473
2006
2499
7866
3438
8442
3212
6008
3179
5595
6982
8671
3062
6898
5585
5306
2273
4447
9619
9754
9653
5119
9112
3797
1318
8389
6852
9522
6571
3580
8235
1112
1366
98
3480
115
583
1566
9931
1007
452
9403
4197
2157
3249
5308
15
6191
881
4834
5764
6973
6694
4325
2478
8931
3346
6602
8187
141
4859
2446
4041
4035
1395
8082
8991
5418
7752
8814
9089
3194
7649
7292
5336
1166
8227
7191
3004
1438
3310
4663